
100100101001001010010010100100101011000000111000001110110011100010011000100100001001000010010000
100100101001001010010010100100101011000000111000001110110011100010011000100100001001000010010000
10010010100110011001001110010001100100001001000110011011100100111011000100111010101100100011110010110001001110001001101010010000100100001001000010010000
10010010100110011001001110010001100100001001000110011011100100111011000000111000001110110011100010011000100100001001000010010000
100110001001000010010001100100001001100010010000100100101001100110011000100100101011000000111000001110110011100010011000100100001001000010010000
10011000100100001001000110010000100110001001000010010010100110011001100010010010101100010011101010110010001111001011000100111000100100011001000010010000100100001001000010010000
100110001001000010010001100100001001100010010000100100101001100110011000100100101011000000111000001110110011100010011000100100001001000010010000
10011000100100011001100110010010100110101001001110110001001110101011001000111100101100010011100010011010100100001001000010010000
1001100010010001100110011001001010011010100100111011000000111000001110110011100010011000100100001001000010010000
100110001001000010011000100101001001000110011001100110101001101010010100100101001011000000111000001110110011100010011000100100001001000010010000
100110001001000010011000100101001001000110011001100110101001101010010100100101001011000100111010101100100011110010110001001110001001001010010000100100001001000010010000100100001001000010010000
